0.0
0.0
0.0
0.0
0.0
0.0
0.0
0.0
0.0
0.0
0.0
0.0
0.0
0.0
0.0
0.529213050246352
0.5046240011704334
0.4964899143698789
0.4946868238771989
0.49517024736761023
0.496156460897039
0.49784224475672617
0.49910399376775016
0.50008660779096
0.501799879644651
0.5038599544037778
0.5051394017274599
0.5064173291662228
0.5075901139716626
0.5091302578286373
0.5107368311431598
0.5124055899311887
0.5140835180504313
0.51654244386446
0.5178691595911304
0.4683536461419458
0.47569108138522526
0.4785950377854205
0.4801766914577235
0.48174814422401874
0.48333945461034067
0.48524403870479926
0.10429852802908207
-0.00031246787580303803
0.02130159899002839
0.024959979746897946
-0.008916550407734536
-0.0059930688391084935
-0.005468957839324988
-0.005406446224296634
-0.00549432127319864
-0.005632349866806737
-0.09090937619738482
-0.08528784547753938
-0.08391526540657446
0.10933844070988565
-0.6926821824618297
-9.843721852007977
-9.02874690834834
-8.810444984947274
0.14215860742007136
-0.7480592734017506
-0.945273135756258
-0.9974095819516148
-1.0169884006848078
-0.9778337339111195
-0.9833887880009928
-0.9862067351376894
-0.9403188252979197
-0.9444937584975639
-0.9496849136326861
0.4630177187160749
0.1607832967643675
0.12513515141218032
0.11959196033189506
0.11892840787239593
0.11883972888342288
0.11928440131178442
0.11990220691893418
0.12051334883276002
0.12066844014832957
0.12139090852910563
0.12202305380395062
0.12242343823542533
0.12302487475172884
0.12351804395280418
0.12383996154782029
0.12433052567016474
0.1253241790500986
0.12569194053522606
0.12629718652949598
0.12681920102820282
0.12746122502784704
0.12807085552776837
0.1285358530277513
0.12898926952774648
0.12989545502774483
0.13035645652774458
0.13085566052774453
0.13125605602774448
0.1320567730277445
0.1325369960277445
0.13305227652774448
0.13390597752774447
0.13460979152774447
0.13495389152774448
0.13554148852774447
0.13580563152774447
0.13694684102774446
0.13723638452774445
0.13795803252774447
0.13866778502774446
0.13926381802774446
0.13988983952774445
0.14175321502774446
0.14204499702774445
0.14232070252774445
0.14277861452774443
0.14324392652774443
0.14366593002774444
0.14386844952774444
0.14417173852774443
0.14480190402774443
0.14515351502774443
0.14566572452774443
0.14655727652774442
0.14693863552774442
0.14737425502774443
0.1480762560277444
0.14870316552774443
0.1492345225277444
0.1497304890277444
0.1521243890277444
0.1530237480277444
0.1534306370277444
0.1540557520277444
0.1545042845277444
0.1552248225277444
0.1558951145277444
0.1562548655277444
0.1568225195277444
0.15750744502774439
0.1580616495277444
0.1585836270277444
0.1589810070277444
0.15962238352774438
0.1602487380277444
0.16083605752774438
0.16149214152774438
0.16209563002774438
0.16235716452774437
0.16324170502774438
0.1638148535277444
0.16421809802774437
0.16482872752774438
0.16567558352774436
0.16626260702774437
0.16699794502774437
0.16969546702774435
0.16999035702774437
0.17070876752774436
0.17114936352774435
0.17182712952774434
0.17227899202774435
0.17285798652774434
0.17314797402774434
0.17378972052774436
0.17440464202774436
0.17523693852774436
0.17564020152774434
0.17623538352774434
0.17669751352774435
0.17720093552774435
0.17781147252774435
0.17865753302774434
0.17901236302774434
0.17963816252774434
0.18020417002774433
0.18078895502774434
0.18116335802774433
0.18180275502774432
0.18257366852774431
0.1830012775277443
0.18366822102774433
0.18425753852774432
0.18474384802774432
0.18768425652774431
0.18830626352774432
0.1888660365277443
0.18943546652774432
0.18997161502774432
0.1904294530277443
0.1910239505277443
0.1916244975277443
0.1922873525277443
0.1927028810277443
0.1932606930277443
0.1936694135277443
0.19429970852774428
0.1950300515277443
0.1954457650277443
0.1959409545277443
0.19658431052774428
0.19732260852774428
0.19779798452774427
0.19823316002774427
0.19907054402774427
0.19967101702774429
0.20002899202774427
0.20058014402774427
0.20145321452774428
0.20288176602774427
0.20359144452774428
0.20390131952774426
0.20482432152774427
0.20512324452774428
0.20577346402774427
0.20652060502774425
0.20715474802774425
0.20760736902774427
0.20833508502774425
0.20877288752774426
0.20955950752774424
0.20990740002774425
0.21036825352774424
0.21103863802774425
0.21166996902774424
0.21257541452774426
0.21294513702774423
0.21357395202774423
0.21417792152774423
0.21468559852774424
0.21530101952774425
0.21601084602774423
0.21641325802774425
0.21692389502774423
0.21750529452774423
0.21814019602774423
0.21858661952774422
0.21942790702774423
0.22021515602774422
0.22064061902774423
0.2209395235277442
0.2217782765277442
0.2224839220277442
0.2226853685277442
0.22330515552774421
0.2240764205277442
0.2244948905277442
0.2252735000277442
0.2257211630277442
0.2264199080277442
0.2268860895277442
0.2274683400277442
0.2281167280277442
0.22868208802774417
0.2292030665277442
0.22962468152774418
0.23018859852774418
0.23103612052774417
0.2314337225277442
0.23190501002774416
0.23254150252774416
0.23327545302774416
0.23359315352774418
0.23410776802774416
0.23484392002774418
0.23542776152774417
0.24098020352774416
0.24204700602774415
0.24236446602774414
0.24308909252774416
0.24394740002774415
0.24436183702774417
0.24499000452774414
0.24553814102774413
0.24593935052774413
0.24674865152774414
0.24712200002774415
0.24764963852774413
0.24815457752774414
0.24887846402774413
0.24921949302774413
0.24975856452774414
0.2504760685277441
0.2510486805277441
0.25166299152774413
0.2521150020277441
0.2525865485277441
0.2543717430277441
0.25574978952774413
0.2560133035277441
0.2567011150277441
0.2575217195277441
0.2579334000277441
0.2587298620277441
0.2590389785277441
0.2597005570277441
0.2601788560277441
0.2607918905277441
0.2615536280277441
0.2620643390277441
0.2626925065277441
0.2631585770277441
0.26401793902774406
0.2644945730277441
0.2651414810277441
0.2657658375277441
0.2660010835277441
0.2669521315277441
0.2673576885277441
0.2678677520277441
0.26879356602774407
0.2690244090277441
0.2697324595277441
0.2704904970277441
0.27323933802774414
0.2739556025277441
0.27434839452774407
0.2750494335277441
0.27569726652774407
0.2763222150277441
0.27684854002774406
0.27733810552774407
0.2779615000277441
0.2785812130277441
0.27935754702774407
0.2799932625277441
0.2806541935277441
0.2810454315277441
0.28155349702774407
0.2822844505277441
0.2828971335277441
0.28349855002774405
0.2843217630277441
0.2847454130277441
0.2852922545277441
0.28566639852774406
0.2865952465277441
0.28721623602774404
0.2880462385277441
0.288721673527744
0.28933106352774407
0.28980938102774406
0.290367914527744
0.291165375527744
0.29150140952774406
0.29219741652774406
0.292599477027744
0.2930645670277441
0.29365073952774406
0.29427744552774404
0.2949013580277441
0.29547702252774405
0.29592649852774405
0.29644712552774405
0.29705834702774403
0.297563156527744
0.29828156702774405
0.29889698802774406
0.299419779527744
0.30010157852774405
0.30045056252774405
0.301239791027744
0.30188888202774405
0.30230178352774406
0.302887197527744
0.30320845002774405
0.304009907027744
0.304684990527744
0.305376039527744
0.305694221027744
0.306392633027744
0.307060927027744
0.307527275027744
0.308147765027744
0.308748996527744
0.309219932527744
0.31003676302774397
0.310580737027744
0.311085250527744
0.31187603302774397
0.312183170027744
0.312816462027744
0.313657435027744
0.31424223852774397
0.31491593452774397
0.315562657527744
0.31610335702774395
0.316630126027744
0.31711181052774395
0.317980459527744
0.31836126352774397
0.31897019102774393
0.31955915702774396
0.320197647527744
0.32070232752774397
0.321424789527744
0.322024171027744
0.32264575252774397
0.32307548902774397
0.32386051802774396
0.324194332027744
0.324999674027744
0.325641328027744
0.32594493152774395
0.32656568052774404
0.32723477002774404
0.327603493527744
0.328466037527744
0.328865415527744
0.32943911902774403
0.33025693002774403
0.33071162302774404
0.331292190027744
0.332108095527744
0.332845912527744
0.333637712527744
0.334257555027744
0.334891087527744
0.335507637027744
0.335921593027744
0.33656861202774396
0.337089923527744
0.3375809690277439
0.33807421602774396
0.3390240430277439
0.33962808652774396
0.34001394102774396
0.3407595280277439
0.34135404402774394
0.3417938815277439
0.3425919715277439
0.3430151220277439
0.3433259220277439
0.3442426525277439
0.34454536802774394
0.3451492080277439
0.3456819710277439
0.34630806652774393
0.3469543085277439
0.34718618752774394
0.3479504780277439
0.3484394515277439
0.34918474252774395
0.34980225402774395
0.35040278252774393
0.35083860552774393
0.35149888902774395
0.35196314652774396
0.3525515760277439
0.3531621500277439
0.3537356315277439
0.3540974360277439
0.3547179815277439
0.3560667980277439
0.3563630200277439
0.3568804095277439
0.3576429980277439
0.3580521255277439
0.35849669902774384
0.35904478002774387
0.3598653290277438
0.36037280252774384
0.36105456452774387
0.36151351252774383
0.36237083952774385
0.3629646710277438
0.3633447165277438
0.36376257602774387
0.3647875130277438
0.3651989345277438
0.36565823402774383
0.3663508925277439
0.36682410402774385
0.36765908302774386
0.3680831955277438
0.3685979395277439
0.3688977505277439
0.36982447102774385
0.3705305605277439
0.3709143800277439
0.3716777455277439
0.3723204540277439
0.3728765270277439
0.3735199385277439
0.3741598905277439
0.37496251302774386
0.37537746802774385
0.3760168280277439
0.3766127685277439
0.3768993705277439
0.3777536635277439
0.37813567002774395
0.3784882985277439
0.3794126510277439
0.3800078145277439
0.38061683452774386
0.3809320190277439
0.3817183800277439
0.3821754965277439
0.3828155410277439
0.3834713475277439
0.38396513102774393
0.3846385310277439
0.38549354552774395
0.38554443902774393
0.3864633710277439
0.3870533730277439
0.3876539200277439
0.38833636652774395
0.3886801520277439
0.38981205602774394
0.39043626452774394
0.3909552820277439
0.39163933802774387
0.3918109810277439
0.39238869902774387
0.39295246802774386
0.3937360725277439
0.3942101350277438
0.39481279102774386
0.3956713945277439
0.3960852765277439
0.39696397102774383
0.39752095052774383
0.39793631252774386
0.39851199552774386
0.3993488060277438
0.39981113952774383
0.40036952502774387
0.4011644515277438
0.40159977502774385
0.4021645060277439
0.40254523602774384
0.4031267835277439
0.40396333502774384
0.40454225552774387
0.40499441402774383
0.40577097002774387
0.40639573352774383
0.40742662752774383
0.4079364875277438
0.4082698760277438
0.40887969152774384
0.4099129720277438
0.4103179555277438
0.4107854320277438
0.4117016445277438
0.4120734390277438
0.41268005402774377
0.4133233915277438
0.41391829602774377
0.4144369065277438
0.41516199552774374
0.41577625102774374
0.4163896185277437
0.41700596452774374
0.4176211450277437
0.41814671152774374
0.4188518390277437
0.4194485750277437
0.41976647902774367
0.42038497102774375
0.42101467402774373
0.4216275235277437
0.42222044852774376
0.4228648035277437
0.4233733315277437
0.42413627152774375
0.4247129165277438
0.4254483470277438
0.4257362995277437
0.42655555352774377
0.42687245852774375
0.4275899255277437
0.4281092945277437
0.4289301025277438
0.42932611352774375
0.42981812102774375
0.4304920205277437
0.43099118752774374
0.43149041002774374
0.4320129240277437
0.43260605252774376
0.43305206902774374
0.43366088552774373
0.4342568815277438
0.43477458552774373
0.43541057852774373
0.43603486102774375
0.4366448800277437
0.4371510955277437
0.4374939745277437
0.4381875765277437
0.4387239100277437
0.4393940540277437
0.4398283230277437
0.4405619775277437
0.44106534402774367
0.4416697020277437
0.4419701790277437
0.4424474235277437
0.44351677902774367
0.4439169340277437
0.4444339165277437
0.09376309609773012
0.1163937614492092
0.1265729238150956
0.12810046755463467
0.1280968847000201
0.12790805019050153
0.1273786733329785
0.12692150034486357
0.12655002468169543
0.12632009118958895
0.12591689965916467
0.1254458243072167
0.1251557922251851
0.12485130868271799
0.12428087872236696
0.12370151371081829
0.12339272901880743
0.1229652514803185
0.12266701523785624
0.12234537095484968
0.12178626353496676
0.12147981575617253
0.12085505478845204
0.12043802242040272
0.11977955026032347
0.11933237019631655
0.11890650655458981
0.11833790938875174
0.11804397258097976
0.11749763435639612
0.11701567146887437
0.11656242313201962
0.11620303935602327
0.11588920636004185
0.1154651890226071
0.11503478063185393
0.11443424111064254
0.1141764557155808
0.11372906907207264
0.11331128785333042
0.11288976238112888
0.11245395710090686
0.11203026254394272
0.11160464421537367
0.11104234772432223
0.11072681044745589
0.11030551737719324
0.11008654310591973
0.10953123158425265
0.10922315699186719
0.10870868365534386
0.10819519157145124
0.1080667249441416
0.10757111489832175
0.10715364354883133
0.10667299760562973
0.10644628951427998
0.10608028228302635
0.10562960327871779
0.10516017718467521
0.1047755003310005
0.1043389462000866
0.10405670695657013
0.10378856676401069
0.10280003220588654
0.10256525460277113
0.10216748577320778
0.101735644237165
0.10152156331782619
0.10089317429760908
0.10048146135171465
0.10020989968616656
0.09976757424043783
0.09934615205798694
0.09891562746626437
0.0984722045669355
0.09797525175435781
0.09766806803607131
0.09739334312191106
0.09675285628965488
0.09618626036273467
0.09573707905980983
0.09529737459150259
0.09487047805226984
0.09458960739794883
0.09416299490553023
0.09373174728555342
0.09331671615642095
0.09309390725315639
0.09251561376198064
0.0923070717555178
0.09186942017100377
0.09142803724424928
0.09113158274880642
0.09061282288763317
0.090296459292762
0.08990319647856862
0.08950061176438351
0.08921322094455583
0.08857580698238002
0.08835493476193923
0.08792085958503973
0.08733771147558575
0.08706040431766049
0.08649116159088113
0.08619719896067152
0.08555810654004842
0.08520998134686755
0.08490250067054803
0.08447636589322596
0.08405446599567853
0.08360103690176024
0.08303744928882628
0.08260706672051077
0.08192942140047596
0.08168653555193839
0.08104347938713599
0.08047179643999869
0.08026600452314558
0.07981032887715173
0.07937367145648719
0.07893598113831665
0.07846083537433457
0.07808726216884943
0.0778114139786514
0.07718080422879639
0.07673886611963243
0.07630202794190435
0.07594112064208663
0.07564923671810786
0.0751030921618066
0.07458142727639769
0.07421091402977412
0.07376372105454831
0.07350938295491288
0.0731678941282081
0.07270797069122076
0.07220680882130609
0.07182606988937304
0.07115152326185625
0.07093022497119422
0.07036369360036812
0.07005262360521525
0.06969176795027285
0.06924501395648713
0.06898339392943437
0.06841616535279171
0.06799045664569087
0.06747825568368077
0.06704943537284308
0.06669890869296075
0.06617460991891153
0.06587916249853701
0.06541867096792137
0.06469463563864802
0.0645496684736799
0.06382727286919734
0.0634074258554431
0.06297230486981875
0.0627482048446717
0.06204104447840275
0.061834439154763665
0.061069359060845346
0.06067368184873165
0.060417884781369
0.060152288098918066
0.059699465832284526
0.059133334709242036
0.058877098660439275
0.058307985045848165
0.057813356252659015
0.057583033020038255
0.05694811092309568
0.056722719776066105
0.05629526805442389
0.05565720853130682
0.05536648661702229
0.0550094010379768
0.054576604071740975
0.05406192415571642
0.05368632388887579
0.05312081250433687
0.052851949283523186
0.05228633460923371
0.05183139490271285
0.05148774990246427
0.05073931236961152
0.05051700700388115
0.04994861641754428
0.04941787494530134
0.049286593672287826
0.04877346310252234
0.04832097652757825
0.04796630534645305
0.04759914901672396
0.04711428110496657
0.046724685076919514
0.04631434072022053
0.04575886135270871
0.04553939645511987
0.0449297028797615
0.04475804822548196
0.0444591276872435
0.043822475486978346
0.04360084150462687
0.043172343974259814
0.042732549127420805
0.0422178821226151
0.04185417308831235
0.04144289912385796
0.0410202632868375
0.040578079864515865
0.040149646890242946
0.03961570343573137
0.03922127861184374
0.03874143316420928
0.03822916764610507
0.037651894141216474
0.03714917001382398
0.03675323457733379
0.036498199271881804
0.03606892706838524
0.03562937753470391
0.03542643899721115
0.034981544218936206
0.03434394949969685
0.033927704715994766
0.03352749566607349
0.03312351654025528
0.03282835316669491
0.032405446194079146
0.03197434059750942
0.03134499614709926
0.031124214305190218
0.030693392755434645
0.030260595789198846
0.02986721677403603
0.029192812169926308
0.028974393081062283
0.02852942083547441
0.028104822493192544
0.027677512794957393
0.027318477621869314
0.026673484774243167
0.026379302653313508
0.025957273643577805
0.025314811394841374
0.02508555979338309
0.024525574410501322
0.024015723290317398
0.02379628421516619
0.02345160631741161
0.022963949582387982
0.02233739395524406
0.022078085036360967
0.021642486335640115
0.0212143761418378
0.020571952626757845
0.02022643549977965
0.01951170915927916
0.019286589147844924
0.01885211372316184
0.018494821564615155
0.018203079664043442
0.01776863006179802
0.01734843444513548
0.016571798810368715
0.015849919654639166
0.01548024563723921
0.015036693625722103
0.014768940769727401
0.014184114201826165
0.013755771606085015
0.013083923423302668
0.01282989519291905
0.012266088089265048
0.011969659416259826
0.011537546744621735
0.010963513955658283
0.010526301352584283
0.010148854781451638
0.010012589777971648
0.00958302061644209
0.00902353877109452
0.008721868143246297
0.008151799098462142
0.007733630543155179
0.007425530128332081
0.006933109153561989
0.006362781884401342
0.0059861616312734955
0.005457589243793165
0.005158991486025333
0.0046488304965895955
0.004016219507816693
0.0038697546414648842
0.003213968014900981
0.002926228592165042
0.002353499836302897
0.001944059264921666
0.0014952394761239274
0.0010548378020001636
0.0006217180552937074
0.00038102711395640587
7.025407683652896e-05
-0.0006893129266434816
-0.000835532479837614
-0.0012882901903769894
-0.001855983570897335
-0.0022319969967403985
-0.002657163432650572
-0.0030533312710796234
-0.0033241957308111636
-0.0038752336390471265
-0.004598365183002717
-0.004949124264823898
-0.00517862117943986
-0.005694708418316333
-0.006280645351036521
-0.006679692391263564
-0.006930557373035037
-0.007264919206948356
-0.00796271893956911
-0.008475281415706332
-0.009043684913262046
-0.00941734849727896
-0.009917503292125263
-0.010228056838525124
-0.010834238562363055
-0.011273904297013804
-0.011642713262752485
-0.011981542378379298
-0.012351151839685118
-0.012809099860192213
-0.01328425853539314
-0.013672834577153015
-0.014071094033031709
-0.014498222974203293
-0.014930129066340184
-0.015506201827878
-0.01587738645788049
-0.016222425869762178
-0.01653216600937607
-0.017016207603128664
-0.017526252391594985
-0.017792481723768322
-0.01816203954019885
-0.01860537206099594
-0.019164957196094123
-0.019521474681511303
-0.020088909837655156
-0.020231940319799482
-0.020692393116758634
-0.021168494310933803
-0.02161258859364157
-0.02199065490327784
-0.022428603445824855
-0.022686143527728922
-0.023243869447316295
-0.023754404862097955
-0.02397376646993621
-0.024608249585438752
-0.02482506768316846
-0.025467736511406103
-0.0258737685210175
-0.02632922467629134
-0.026766876260805386
-0.027203766083408742
-0.027505836959040533
-0.02792954442722348
-0.028431429325392346
-0.02869822675119399
-0.029304886190128443
-0.029585666465917648
-0.030167058649611417
-0.03043667072111693
-0.03100045200233327
-0.03140258482385949
-0.031887155777583914
-0.03226053531478666
-0.032673810518158944
-0.03301229103087748
-0.03353497590257355
-0.033888459251566846
-0.03418885166875135
-0.034658355230106894
-0.03493430671005553
-0.035329828987543305
-0.03572683605519597
-0.03616896783264231
-0.036464453986673306
-0.038359769265321086
-0.04171647958034305
-0.04212746949798328
-0.04234025929543958
-0.042765877624008644
-0.04331993675744969
-0.043688448765155374
-0.04405441726275251
-0.04436845683823516
-0.04496260530612811
-0.04518137299790041
-0.04562731358490016
-0.04608176266510565
-0.04650383040849783
-0.04677333919025273
-0.047176375797096715
-0.047553293008257544
-0.04801098280438812
-0.04827940704376173
-0.04871206198659046
-0.04900792256596738
-0.04961947535683654
-0.049859030110917246
-0.0503588492140741
-0.05064507802420749
-0.05108063799127188
-0.051684908854723696
-0.0520923869208435
-0.05270954318068276
-0.05303143277721106
-0.05362385114178145
-0.05410192775243684
-0.05467031833877374
-0.05492639945295055
-0.0553207726319629
-0.05580722862363578
-0.056251219616592935
-0.05648693973868259
-0.05708778912914576
-0.057500625351077986
-0.05773404727621677
-0.0581879540852316
-0.05869592016746708
-0.05905601406049882
-0.05937711607267877
-0.06010609639876213
-0.060470438082787306
-0.06089907763656144
-0.06118888285430939
-0.06175307729452813
-0.06205864711046151
-0.06257195843729058
-0.06305305627315105
-0.06340169791508493
-0.06385009163366145
-0.06431009253796173
-0.06463887672534262
-0.06528206200233326
-0.06562955454579171
-0.06631636683119232
-0.06656086658208303
-0.06692071516195709
-0.06738389222608834
-0.06782346758220732
-0.06825326914567571
-0.0685127329991847
-0.06902046667948133
-0.06957892853854174
-0.06993427110304584
-0.07045760153568317
-0.07103033029154532
-0.07150446898045906
-0.07173461145601627
-0.0720834338550137
-0.07269284338355791
-0.07314400010296299
-0.0734727842903439
-0.073820819104993
-0.0742029266261215
-0.07455039334714231
-0.07520501796401197
-0.07549595936901653
-0.07575605587224796
-0.0760473458801608
-0.07642944049007047
-0.07707615052980035
-0.07733236075616542
-0.07772131122327122
-0.07818942037299366
-0.07841664491309641
-0.07901074173611405
-0.07926591906497311
-0.07969635327816393
-0.0801332431007673
-0.08034510329046818
-0.08097838566261997
-0.08134590350647614
-0.08178651176010113
-0.08217176961862296
-0.08249374959368302
-0.08293586845991055
-0.08335570256244598
-0.0836513565623217
-0.08417721759384875
-0.08453653681375098
-0.08509471462599721
-0.08548250308340877
-0.0858372904655034
-0.08616030333806948
-0.08658900744793774
-0.0871242420243318
-0.0874431491293115
-0.08804793644151632
-0.0885157098995493
-0.088736737054616
-0.08917659645754913
-0.08956451402714893
-0.09002073194433347
-0.0904639353529423
-0.09099916992933636
-0.09131669553390179
-0.09194622074137547
-0.09217491716042428
-0.09281242150113188
-0.09308641047581909
-0.09365072111700726
-0.09407299543990062
-0.09442708561617869
-0.0947692587374812
-0.09532534493227779
-0.09582964422836694
-0.0961828564417649
-0.09662582744843487
-0.09684016659215018
-0.09735819051385042
-0.09778246607566166
-0.09821912349632617
-0.09865246273375264
-0.09906781664335576
-0.0995042287508626
-0.09982925577356538
-0.10013662024891545
-0.10057505941777782
-0.10095955551438898
-0.10139666482771237
-0.1018721333721651
-0.10222965793265064
-0.1025364026694971
-0.10319879984009947
-0.10356727311414869
-0.10415333915905714
-0.10444717267707851
-0.10483360545651343
-0.1053360068034353
-0.10580495518238135
-0.10624916566605855
-0.1067462605020433
-0.10711135103676034
-0.10746350453021465
-0.10809610260776872
-0.10854032600266472
-0.10909628308527305
-0.10939897369940846
-0.10982769072049553
-0.11021288402292323
-0.11060080159252304
-0.11106245513283292
-0.11134395843687633
-0.11176944765325715
-0.11219170906493169
-0.1126498249312835
-0.11306931043091065
-0.11365643519576274
-0.11406129228446106
-0.11437001243778777
-0.11494762163436578
-0.11520261820616129
-0.11564610566158427
-0.11606349954376174
-0.11650732269087419
-0.11692310267069853
-0.11727422326664683
-0.11791831232895522
-0.11840647260151302
-0.11864392282692522
-0.11900945234308233
-0.11930715922675122
-0.11973507575227116
-0.12017006762570723
-0.12071718052342037
-0.12102460955486458
-0.12161649855946313
-0.12189541961974153
-0.1223154861242158
-0.12273786373685977
-0.12316355953274177
-0.12353571250415614
-0.12386680779970673
-0.12437934445340629
-0.12482864195730056
-0.12524479636247082
-0.12574301447449338
-0.1259589158756865
-0.12639824591864782
-0.12682277970483558
-0.1273889237390969
-0.12767907755975313
-0.12803953296691198
-0.12867976157479166
-0.12897505406054027
-0.12931752413987577
-0.13003741496790625
-0.13041163373433262
-0.13086130566357282
-0.13129942205196457
-0.13156961512831722
-0.1319885970904102
-0.13242584842714064
-0.1327809069448306
-0.1332032458238181
-0.13371861003444035
-0.13413096854127604
-0.1344950390897059
-0.1349170810106604
-0.1352756513798708
-0.13564400845295058
-0.1362968513216224
-0.13658993598895192
-0.13711085202366893
-0.13751856249172761
-0.13796357347097196
-0.1386149444606977
-0.13889341362831722
-0.13919357364356288
-0.13966234126544538
-0.14009083879581244
-0.14076751577443536
-0.1411767497663154
-0.14147839457172595
-0.14189033991955924
-0.14211116049512473
-0.14277280881503526
-0.1430465008316895
-0.14346256485832798
-0.14391204311928582
-0.14432703551476184
-0.14470383652495322
-0.14518579941247498
-0.14551080061274013
-0.14599991631549097
-0.14642242304032319
-0.14684885477567822
-0.1474406017568697
-0.14783529771635268
-0.14808937759161162
-0.14855246427721108
-0.1489454946894656
-0.14963330113871576
-0.14984838913312293
-0.15049574473379407
-0.1508258975103704
-0.15130970670218416
-0.15183210752706608
-0.1522113874912719
-0.15266174371510982
-0.15314131802714895
-0.1534434276364372
-0.15394251080012103
-0.15436908455888312
-0.1546638476846599
-0.15540063929813244
-0.15583090566547855
-0.15609619247867765
-0.15653727844739918
-0.15700945463105148
-0.15742687433566663
-0.15797403887825506
-0.15831541150399042
-0.15868055368358278
-0.1592496802093927
-0.15953620597755908
-0.16017474321577269
-0.16039317521585555
-0.16089033460793442
-0.16149291410172015
-0.16198669075446687
-0.16218145649044333
-0.1626889577688011
-0.16336129657789877
-0.16360020577103823
-0.16407211081909523
-0.1644926292162284
-0.16478996167455137
-0.1652733060624874
-0.16571902715876713
-0.1661655874842705
-0.16677046517500707
-0.16684749350651756
-0.16748235104736603
-0.16786908078483392
-0.1682279093784208
-0.1686668262623797
-0.1692143264966576
-0.1694337010157147
-0.17003165829316103
-0.1705232529499263
-0.17094510120259843
-0.1713244069892419
-0.17158769256352313
-0.17222449969841416
-0.17254911356211455
-0.17311183612338724
-0.17348544806252883
-0.17402358766315856
-0.17438489521075984
-0.1749590829343492
-0.17513810989457787
-0.17568471925475684
-0.17627081112210294
-0.17651722173337978
-0.176966080255834
-0.17753654954840173
-0.1779934646714028
-0.1782626506726871
-0.17899308996649768
-0.1795491503388566
-0.18021946208659875
-0.18083082120918556
-0.18126824039176076
-0.18166801046024197
-0.18205573436155942
-0.18254623156472455
-0.18273025516663854
-0.18317042443882348
-0.18383940633102663
-0.18444724069087418
-0.1849261048858779
-0.18515567926780682
-0.1857896330233375
-0.1858728458286652
-0.18627055010213445
-0.18668394150647613
-0.18720237858717875
-0.18771996352743892
-0.18802404855320742
-0.18858575112819292
-0.18884394968225707
-0.18939793134838517
-0.1896979106065673
-0.19019482468548848
-0.19068610947300196
-0.19133447214874147
-0.1915901013702594
-0.19216155191545783
-0.19244452709844734
-0.19284409058742735
-0.19309700845299202
-0.19366093175761545
-0.19417895567931565
-0.19444331288475936
-0.194952595911315
-0.1952529754172807
-0.19566342306373027
-0.19614369458158593
-0.1965638643758108
-0.19698998624191405
-0.19757474825372118
-0.19762250685215516
-0.19827528516473286
-0.19869243373375264
-0.19916875441864784
-0.1997755300585517
-0.199919154456762
-0.20062907782385953
-0.20084636072546697
-0.20129412179432105
-0.2017207730203961
-0.20216291770906128
-0.20270586028309392
-0.2030102422668954
-0.20344922370694843
-0.20392822992535922
-0.2044523092086884
-0.2117594264139664
-0.212022092249744
-0.21233571866622425
-0.21283331703974318
-0.21311520768035133
-0.21368038337320078
-0.21405848841649353
-0.21503380188654075
-0.2152867068408866
-0.21570243517583565
-0.2160853044588748
-0.21656347144806198
-0.2169852422334212
-0.21755006932336235
-0.21800110984179802
-0.21843233163933717
-0.21892516577310966
-0.2193466525116547
-0.21970399631507667
-0.2200080426071887
-0.2205986146674671
-0.22100199987721936
-0.22130206951393325
-0.22172474408461018
-0.22236458535592513
-0.22257011904840174
-0.2233475810011733
-0.2235393255119447
-0.2240135545793902
-0.2244580103762251
-0.224948817448642
-0.2253728606085144
-0.22571911367496564
-0.22624701467906705
-0.22665999292440636
-0.227092505843828
-0.2275296151571514
-0.2279622571887613
-0.228368340843248
-0.22880871669493413
-0.22905084078156102
-0.22964274269737842
-0.2304957481914956
-0.23071974492689207
-0.23118736345029914
-0.23161527997581904
-0.2322586330986544
-0.23244433515901566
-0.23304879969074987
-0.23343742737738504
-0.23369154598630043
-0.23420381150440467
-0.23458652585281797
-0.23526377092506917
-0.23559963046036622
-0.23594202307238876
-0.23655445382613804
-0.23690322458026017
-0.23739283090932636
-0.2379919631076858
-0.2382794830397017
-0.23869501770636836
-0.23894494016916562
-0.2395683841925727
-0.2400111615309603
-0.2404413891646499
-0.24083343832427373
-0.2412980743561322
-0.24166692205552734
-0.24233740164911421
-0.24252498874742395
-0.24302453671498547
-0.24363362346305906
-0.24398338838103073
-0.24446137461315431
-0.24534437286860217
-0.24560786502238457
-0.24620411801894604
-0.2466177547364454
-0.24696869457533016
-0.24732805252888884
-0.247749603823528
-0.2481859384637219
-0.24878801441997345
-0.24904805927832957
-0.24948018486118645
-0.2501143193737807
-0.2503993603517822
-0.2509378227328825
-0.2512987429439191
-0.25170584658469297
-0.25208707614294135
-0.2524897899693147
-0.25309154314509563
-0.25371923495949616
-0.2540576509161206
-0.2544515076463799
-0.25493575581963374
-0.2553174889154163
-0.25585506042241773
-0.2562836741537542
-0.25670637454686884
-0.25701013679216667
-0.2574354839851404
-0.258090186069323
-0.2585020539498434
-0.25872757420906123
-0.2594962048881564
-0.2597762492244726
-0.2603695197294854
-0.2608609981852813
-0.26109718311124863
-0.26152258194909767
-0.2619578966030044
-0.262385245034896
-0.2628283967986295
-0.2633770848650393
-0.26369949091032063
-0.2641070464437534
-0.26471947719750266
-0.2649724467079426
-0.2655714756165515
-0.2659634860425188
-0.26603994628040095
-0.26668784415226277
-0.26711332045742475
-0.2675496421863998
-0.2679030222456425
-0.26859583824779676
-0.2688386337178026
-0.2692615794240748
-0.26984146099516604
-0.2701241650425602
-0.27048051468213263
-0.27097394273197106
-0.27135584367359844
-0.27165206576710244
-0.27228239147014327
-0.2727171638528593
-0.2731399546245057
-0.27358156995319904
-0.2742698412063269
-0.2747907572410439
-0.27535031655370446
-0.27559063306969583
-0.2759501717803181
-0.276372110411522
-0.27679771582887225
-0.2771920244517905
-0.2776796037195011
-0.2780530736352356
-0.2784821650816687
-0.27900980786139357
-0.2793416003627607
-0.27959558985948785
-0.28011463376747525
-0.28063217997407897
-0.28088841602288167
-0.28149347447068185
-0.2817586709053491
-0.2823857429812461
-0.28276599128686375
-0.28319197112955996
-0.2836276731200314
-0.28392691643874046
-0.2843401141747998
-0.28492025397026755
-0.28519515964149134
-0.2857989398786278
-0.28613479941392483
-0.2866959209840632
-0.28712855010445426
-0.28735768550494317
-0.2877834458569193
-0.2884319634672847
-0.28881235379630943
-0.28928746082663503
-0.2896517766882226
-0.2901188787628767
-0.29075700284208783
-0.29100674454782155
-0.29143207882957645
-0.2920452197003611
-0.2924559901272813
-0.29281465087502345
-0.29324114716647265
-0.29380133912885564
-0.29422330358249715
-0.29445167722107535
-0.29508954307591007
-0.29545613131201076
-0.29615515761041994
-0.2963823305056474
-0.29682140232423215
-0.2972483763307779
-0.2978236098630921
-0.29811727553526873
-0.2985408022463881
-0.2991078500659672
-0.29935663634150783
-0.2996726642446895
-0.3005180779421376
-0.3008179409993503
-0.3012746882765066
-0.3016363315157974
-0.3019911834539861
-0.3024095585887943
-0.3030651773695135
-0.30347935635820356
-0.3036986792323853
-0.30422695466183264
-0.3047531513850491
-0.3051586153010322
-0.30546829088455196
-0.3058907201420712
-0.3064391370728857
-0.30666922790356765
-0.3071701315491058
-0.30765767208315997
-0.30815719422828386
-0.30845725095377896
-0.30889526405242007
-0.3092994497577395
-0.3099448686755869
-0.31065209359794993
-0.31134516782448074
-0.31167770917653975
-0.31227064398986315
-0.3124866874144634
-0.3130991052569938
-0.3135419600626944
-0.313835625734871
-0.31440480390555625
-0.31469806932994937
-0.315279022532203
-0.3154997139955803
-0.3161552553089865
-0.31717024495448326
-0.31735789660888714
-0.31781127405793014
-0.3181199167439439
-0.3185635591339928
-0.31900124945216335
-0.31942515058862864
-0.3198425315595873
-0.32033849020831545
-0.3209088691223514
-0.32128534735207215
-0.32170240554256024
-0.32203922050805034
-0.322564371422542
-0.32304898110992286
-0.32347964772505255
-0.32371148157027585
-0.32427328743501194
-0.32457386060926
-0.32528360321929395
-0.3256511597968066
-0.3262356635842372
-0.32657702329875377
-0.32680521618026837
-0.3274750373016952
-0.32788721505146734
-0.32823747059575437
-0.3288641295126489
-0.3292637446465042
-0.3296925778685607
-0.33009554991931056
-0.330597396083823
-0.3309489556612113
-0.3312369791307614
-0.33184467146720187
-0.3322446868488408
-0.332675314730314
-0.33317690267044986
